fixed_costs = [366, 476, 392, 315, 309, 466, 352, 405, 374, 323, 393, 319, 450, 410, 362, 328, 317];

n = 17 ;

existing_bridges = [| 0, 0, 0, 0, 0, 0, 0, 0, 0, 0, 0, 0, 0, 0, 0, 0, 1,
| 0, 0, 0, 0, 1, 0, 0, 0, 0, 0, 0, 0, 0, 0, 0, 1, 0,
| 0, 0, 0, 0, 0, 0, 0, 0, 1, 0, 0, 1, 0, 0, 0, 1, 0,
| 0, 0, 0, 0, 0, 0, 0, 0, 0, 0, 0, 0, 0, 0, 0, 0, 0,
| 0, 1, 0, 0, 0, 0, 0, 0, 0, 0, 0, 0, 0, 0, 0, 0, 0,
| 0, 0, 0, 0, 0, 0, 0, 0, 0, 0, 1, 0, 0, 0, 0, 0, 0,
| 0, 0, 0, 0, 0, 0, 0, 0, 0, 0, 0, 1, 0, 0, 0, 0, 0,
| 0, 0, 0, 0, 0, 0, 0, 0, 0, 0, 0, 0, 0, 0, 0, 0, 0,
| 0, 0, 1, 0, 0, 0, 0, 0, 0, 0, 0, 0, 0, 0, 0, 0, 0,
| 0, 0, 0, 0, 0, 0, 0, 0, 0, 0, 0, 0, 0, 0, 0, 0, 1,
| 0, 0, 0, 0, 0, 1, 0, 0, 0, 0, 0, 0, 0, 0, 0, 0, 0,
| 0, 0, 1, 0, 0, 0, 1, 0, 0, 0, 0, 0, 1, 0, 0, 0, 0,
| 0, 0, 0, 0, 0, 0, 0, 0, 0, 0, 0, 1, 0, 0, 0, 0, 0,
| 0, 0, 0, 0, 0, 0, 0, 0, 0, 0, 0, 0, 0, 0, 0, 0, 0,
| 0, 0, 0, 0, 0, 0, 0, 0, 0, 0, 0, 0, 0, 0, 0, 0, 0,
| 0, 1, 1, 0, 0, 0, 0, 0, 0, 0, 0, 0, 0, 0, 0, 0, 0,
| 1, 0, 0, 0, 0, 0, 0, 0, 0, 1, 0, 0, 0, 0, 0, 0, 0|];

distances = [| 0, 41, 33, 99, 31, 33, 99, 95, 51, 16, 70, 100, 11, 49, 24, 35, 0,
| 41, 0, 55, 42, 0, 5, 30, 57, 67, 88, 54, 83, 93, 18, 17, 0, 19,
| 33, 55, 0, 34, 31, 91, 14, 40, 0, 44, 50, 0, 37, 34, 85, 0, 38,
| 99, 42, 34, 0, 69, 95, 82, 48, 56, 46, 90, 89, 26, 58, 25, 16, 58,
| 31, 0, 31, 69, 0, 54, 90, 42, 18, 27, 83, 29, 55, 3, 85, 25, 5,
| 33, 5, 91, 95, 54, 0, 58, 19, 17, 1, 0, 48, 45, 23, 38, 61, 11,
| 99, 30, 14, 82, 90, 58, 0, 69, 98, 73, 1, 0, 50, 72, 90, 26, 57,
| 95, 57, 40, 48, 42, 19, 69, 0, 39, 13, 59, 17, 83, 2, 62, 80, 5,
| 51, 67, 0, 56, 18, 17, 98, 39, 0, 4, 95, 93, 58, 63, 40, 53, 42,
| 16, 88, 44, 46, 27, 1, 73, 13, 4, 0, 30, 19, 4, 49, 14, 88, 0,
| 70, 54, 50, 90, 83, 0, 1, 59, 95, 30, 0, 13, 41, 20, 77, 12, 32,
| 100, 83, 0, 89, 29, 48, 0, 17, 93, 19, 13, 0, 0, 39, 79, 15, 86,
| 11, 93, 37, 26, 55, 45, 50, 83, 58, 4, 41, 0, 0, 25, 1, 48, 62,
| 49, 18, 34, 58, 3, 23, 72, 2, 63, 49, 20, 39, 25, 0, 98, 97, 96,
| 24, 17, 85, 25, 85, 38, 90, 62, 40, 14, 77, 79, 1, 98, 0, 31, 6,
| 35, 0, 0, 16, 25, 61, 26, 80, 53, 88, 12, 15, 48, 97, 31, 0, 51,
| 0, 19, 38, 58, 5, 11, 57, 5, 42, 0, 32, 86, 62, 96, 6, 51, 0|];

----------

fixed_costs = [498, 379, 326, 351, 425, 490, 387, 388, 384, 357, 372, 328, 440, 340, 437, 443];

n = 16 ;

existing_bridges = [| 0, 0, 0, 0, 0, 0, 0, 0, 0, 0, 1, 0, 0, 0, 1, 0,
| 0, 0, 0, 0, 0, 1, 0, 0, 0, 0, 0, 0, 0, 0, 0, 0,
| 0, 0, 0, 0, 0, 0, 1, 0, 0, 0, 0, 0, 0, 0, 0, 0,
| 0, 0, 0, 0, 0, 0, 1, 0, 0, 0, 0, 0, 0, 0, 0, 0,
| 0, 0, 0, 0, 0, 0, 0, 0, 1, 0, 0, 0, 0, 0, 1, 0,
| 0, 1, 0, 0, 0, 0, 0, 0, 0, 0, 0, 0, 0, 0, 0, 0,
| 0, 0, 1, 1, 0, 0, 0, 0, 0, 0, 0, 0, 0, 0, 0, 0,
| 0, 0, 0, 0, 0, 0, 0, 0, 0, 0, 0, 0, 0, 0, 0, 0,
| 0, 0, 0, 0, 1, 0, 0, 0, 0, 0, 0, 0, 0, 1, 0, 0,
| 0, 0, 0, 0, 0, 0, 0, 0, 0, 0, 0, 0, 0, 0, 0, 0,
| 1, 0, 0, 0, 0, 0, 0, 0, 0, 0, 0, 0, 0, 0, 0, 0,
| 0, 0, 0, 0, 0, 0, 0, 0, 0, 0, 0, 0, 0, 1, 0, 0,
| 0, 0, 0, 0, 0, 0, 0, 0, 0, 0, 0, 0, 0, 0, 0, 0,
| 0, 0, 0, 0, 0, 0, 0, 0, 1, 0, 0, 1, 0, 0, 0, 0,
| 1, 0, 0, 0, 1, 0, 0, 0, 0, 0, 0, 0, 0, 0, 0, 0,
| 0, 0, 0, 0, 0, 0, 0, 0, 0, 0, 0, 0, 0, 0, 0, 0|];

distances = [| 0, 62, 56, 2, 38, 80, 1, 45, 7, 83, 0, 48, 45, 43, 0, 27,
| 62, 0, 40, 94, 43, 0, 53, 78, 39, 69, 62, 76, 25, 22, 14, 20,
| 56, 40, 0, 65, 88, 98, 0, 7, 41, 54, 36, 71, 17, 42, 84, 71,
| 2, 94, 65, 0, 12, 16, 0, 34, 81, 19, 87, 76, 51, 38, 98, 4,
| 38, 43, 88, 12, 0, 71, 93, 5, 0, 52, 39, 14, 77, 48, 0, 67,
| 80, 0, 98, 16, 71, 0, 20, 76, 3, 10, 31, 59, 66, 6, 38, 30,
| 1, 53, 0, 0, 93, 20, 0, 18, 19, 72, 69, 49, 21, 2, 80, 41,
| 45, 78, 7, 34, 5, 76, 18, 0, 70, 6, 9, 10, 25, 31, 30, 38,
| 7, 39, 41, 81, 0, 3, 19, 70, 0, 29, 76, 55, 38, 0, 95, 8,
| 83, 69, 54, 19, 52, 10, 72, 6, 29, 0, 57, 18, 17, 49, 21, 9,
| 0, 62, 36, 87, 39, 31, 69, 9, 76, 57, 0, 27, 75, 62, 72, 18,
| 48, 76, 71, 76, 14, 59, 49, 10, 55, 18, 27, 0, 28, 0, 87, 31,
| 45, 25, 17, 51, 77, 66, 21, 25, 38, 17, 75, 28, 0, 97, 15, 98,
| 43, 22, 42, 38, 48, 6, 2, 31, 0, 49, 62, 0, 97, 0, 50, 22,
| 0, 14, 84, 98, 0, 38, 80, 30, 95, 21, 72, 87, 15, 50, 0, 47,
| 27, 20, 71, 4, 67, 30, 41, 38, 8, 9, 18, 31, 98, 22, 47, 0|];

----------

fixed_costs = [455, 322, 418, 301, 412, 384, 381, 385, 323, 330, 337, 359, 348, 363, 335];

n = 15 ;

existing_bridges = [| 0, 0, 0, 0, 0, 0, 0, 0, 0, 0, 0, 0, 0, 0, 0,
| 0, 0, 0, 0, 0, 0, 0, 0, 0, 0, 0, 0, 0, 0, 0,
| 0, 0, 0, 0, 0, 0, 0, 0, 0, 0, 1, 1, 0, 0, 0,
| 0, 0, 0, 0, 0, 0, 0, 0, 0, 0, 0, 0, 0, 0, 0,
| 0, 0, 0, 0, 0, 1, 0, 1, 0, 0, 0, 1, 0, 1, 0,
| 0, 0, 0, 0, 1, 0, 1, 0, 0, 0, 1, 0, 0, 0, 0,
| 0, 0, 0, 0, 0, 1, 0, 0, 0, 1, 0, 0, 0, 0, 1,
| 0, 0, 0, 0, 1, 0, 0, 0, 0, 0, 0, 0, 0, 0, 0,
| 0, 0, 0, 0, 0, 0, 0, 0, 0, 0, 0, 0, 0, 0, 0,
| 0, 0, 0, 0, 0, 0, 1, 0, 0, 0, 0, 0, 0, 0, 0,
| 0, 0, 1, 0, 0, 1, 0, 0, 0, 0, 0, 0, 0, 0, 0,
| 0, 0, 1, 0, 1, 0, 0, 0, 0, 0, 0, 0, 0, 0, 0,
| 0, 0, 0, 0, 0, 0, 0, 0, 0, 0, 0, 0, 0, 0, 0,
| 0, 0, 0, 0, 1, 0, 0, 0, 0, 0, 0, 0, 0, 0, 0,
| 0, 0, 0, 0, 0, 0, 1, 0, 0, 0, 0, 0, 0, 0, 0|];

distances = [| 0, 70, 55, 76, 84, 63, 97, 9, 95, 35, 21, 39, 78, 13, 93,
| 70, 0, 9, 81, 36, 78, 85, 4, 24, 32, 42, 74, 58, 9, 15,
| 55, 9, 0, 89, 55, 99, 6, 62, 31, 84, 0, 0, 23, 3, 61,
| 76, 81, 89, 0, 17, 3, 68, 19, 16, 66, 79, 52, 42, 32, 70,
| 84, 36, 55, 17, 0, 0, 47, 0, 24, 19, 94, 0, 41, 0, 22,
| 63, 78, 99, 3, 0, 0, 0, 31, 38, 74, 0, 89, 13, 52, 58,
| 97, 85, 6, 68, 47, 0, 0, 71, 45, 0, 51, 25, 5, 13, 0,
| 9, 4, 62, 19, 0, 31, 71, 0, 60, 37, 24, 87, 10, 25, 41,
| 95, 24, 31, 16, 24, 38, 45, 60, 0, 58, 68, 76, 65, 63, 82,
| 35, 32, 84, 66, 19, 74, 0, 37, 58, 0, 87, 89, 30, 66, 67,
| 21, 42, 0, 79, 94, 0, 51, 24, 68, 87, 0, 65, 14, 12, 67,
| 39, 74, 0, 52, 0, 89, 25, 87, 76, 89, 65, 0, 97, 85, 96,
| 78, 58, 23, 42, 41, 13, 5, 10, 65, 30, 14, 97, 0, 42, 24,
| 13, 9, 3, 32, 0, 52, 13, 25, 63, 66, 12, 85, 42, 0, 32,
| 93, 15, 61, 70, 22, 58, 0, 41, 82, 67, 67, 96, 24, 32, 0|];

----------

fixed_costs = [356, 455, 457, 402, 465, 490, 474, 446, 498, 354, 434, 421, 346, 368];

n = 14 ;

existing_bridges = [| 0, 0, 0, 0, 0, 0, 0, 1, 0, 0, 0, 0, 1, 0,
| 0, 0, 0, 0, 0, 0, 1, 0, 0, 0, 0, 0, 0, 0,
| 0, 0, 0, 0, 0, 1, 0, 1, 0, 0, 0, 1, 0, 0,
| 0, 0, 0, 0, 0, 0, 0, 0, 0, 0, 0, 0, 0, 0,
| 0, 0, 0, 0, 0, 0, 0, 0, 0, 0, 0, 0, 0, 0,
| 0, 0, 1, 0, 0, 0, 0, 0, 0, 0, 0, 0, 0, 0,
| 0, 1, 0, 0, 0, 0, 0, 0, 0, 0, 0, 0, 0, 0,
| 1, 0, 1, 0, 0, 0, 0, 0, 0, 0, 0, 0, 0, 0,
| 0, 0, 0, 0, 0, 0, 0, 0, 0, 0, 0, 0, 0, 0,
| 0, 0, 0, 0, 0, 0, 0, 0, 0, 0, 0, 0, 0, 0,
| 0, 0, 0, 0, 0, 0, 0, 0, 0, 0, 0, 0, 0, 1,
| 0, 0, 1, 0, 0, 0, 0, 0, 0, 0, 0, 0, 0, 0,
| 1, 0, 0, 0, 0, 0, 0, 0, 0, 0, 0, 0, 0, 0,
| 0, 0, 0, 0, 0, 0, 0, 0, 0, 0, 1, 0, 0, 0|];

distances = [| 0, 68, 40, 9, 72, 36, 40, 0, 86, 8, 66, 64, 0, 42,
| 68, 0, 100, 28, 33, 100, 0, 96, 70, 24, 81, 82, 79, 8,
| 40, 100, 0, 48, 56, 0, 97, 0, 45, 83, 96, 0, 74, 72,
| 9, 28, 48, 0, 34, 89, 72, 100, 36, 67, 22, 61, 51, 13,
| 72, 33, 56, 34, 0, 58, 25, 20, 89, 99, 32, 99, 79, 73,
| 36, 100, 0, 89, 58, 0, 91, 36, 7, 27, 94, 74, 73, 32,
| 40, 0, 97, 72, 25, 91, 0, 64, 10, 87, 46, 84, 6, 31,
| 0, 96, 0, 100, 20, 36, 64, 0, 96, 67, 99, 92, 57, 55,
| 86, 70, 45, 36, 89, 7, 10, 96, 0, 94, 25, 51, 43, 84,
| 8, 24, 83, 67, 99, 27, 87, 67, 94, 0, 21, 68, 84, 10,
| 66, 81, 96, 22, 32, 94, 46, 99, 25, 21, 0, 5, 6, 0,
| 64, 82, 0, 61, 99, 74, 84, 92, 51, 68, 5, 0, 48, 97,
| 0, 79, 74, 51, 79, 73, 6, 57, 43, 84, 6, 48, 0, 30,
| 42, 8, 72, 13, 73, 32, 31, 55, 84, 10, 0, 97, 30, 0|];

----------

fixed_costs = [358, 479, 396, 317, 383, 343, 498, 493, 342, 446, 483, 369, 345];

n = 13 ;

existing_bridges = [| 0, 0, 0, 0, 0, 0, 0, 0, 0, 0, 0, 0, 0,
| 0, 0, 0, 0, 0, 0, 0, 0, 0, 1, 0, 0, 0,
| 0, 0, 0, 0, 0, 1, 0, 0, 0, 0, 0, 0, 0,
| 0, 0, 0, 0, 0, 0, 0, 0, 0, 0, 0, 0, 0,
| 0, 0, 0, 0, 0, 0, 0, 0, 0, 0, 0, 0, 0,
| 0, 0, 1, 0, 0, 0, 1, 1, 0, 0, 0, 0, 0,
| 0, 0, 0, 0, 0, 1, 0, 0, 0, 0, 0, 0, 0,
| 0, 0, 0, 0, 0, 1, 0, 0, 0, 0, 0, 1, 0,
| 0, 0, 0, 0, 0, 0, 0, 0, 0, 0, 0, 0, 0,
| 0, 1, 0, 0, 0, 0, 0, 0, 0, 0, 0, 0, 0,
| 0, 0, 0, 0, 0, 0, 0, 0, 0, 0, 0, 0, 0,
| 0, 0, 0, 0, 0, 0, 0, 1, 0, 0, 0, 0, 1,
| 0, 0, 0, 0, 0, 0, 0, 0, 0, 0, 0, 1, 0|];

distances = [| 0, 76, 45, 1, 15, 50, 20, 69, 64, 89, 77, 89, 2,
| 76, 0, 46, 75, 89, 6, 61, 46, 9, 0, 29, 49, 27,
| 45, 46, 0, 10, 39, 0, 38, 81, 40, 76, 29, 53, 60,
| 1, 75, 10, 0, 7, 30, 31, 8, 36, 65, 78, 78, 87,
| 15, 89, 39, 7, 0, 88, 36, 33, 89, 58, 18, 20, 86,
| 50, 6, 0, 30, 88, 0, 0, 0, 18, 42, 28, 48, 11,
| 20, 61, 38, 31, 36, 0, 0, 4, 15, 32, 91, 63, 59,
| 69, 46, 81, 8, 33, 0, 4, 0, 45, 89, 14, 0, 69,
| 64, 9, 40, 36, 89, 18, 15, 45, 0, 63, 48, 85, 40,
| 89, 0, 76, 65, 58, 42, 32, 89, 63, 0, 3, 80, 61,
| 77, 29, 29, 78, 18, 28, 91, 14, 48, 3, 0, 39, 91,
| 89, 49, 53, 78, 20, 48, 63, 0, 85, 80, 39, 0, 0,
| 2, 27, 60, 87, 86, 11, 59, 69, 40, 61, 91, 0, 0|];

----------

fixed_costs = [331, 416, 414, 440, 454, 321, 306, 451, 453, 307, 401, 476];

n = 12 ;

existing_bridges = [| 0, 0, 0, 0, 0, 0, 0, 0, 0, 0, 0, 0,
| 0, 0, 0, 0, 0, 0, 0, 0, 0, 0, 0, 0,
| 0, 0, 0, 1, 0, 0, 0, 0, 0, 1, 0, 0,
| 0, 0, 1, 0, 0, 0, 0, 1, 0, 0, 0, 0,
| 0, 0, 0, 0, 0, 0, 0, 0, 0, 0, 0, 0,
| 0, 0, 0, 0, 0, 0, 0, 0, 0, 0, 0, 0,
| 0, 0, 0, 0, 0, 0, 0, 0, 0, 1, 0, 0,
| 0, 0, 0, 1, 0, 0, 0, 0, 0, 0, 1, 0,
| 0, 0, 0, 0, 0, 0, 0, 0, 0, 0, 0, 1,
| 0, 0, 1, 0, 0, 0, 1, 0, 0, 0, 0, 0,
| 0, 0, 0, 0, 0, 0, 0, 1, 0, 0, 0, 0,
| 0, 0, 0, 0, 0, 0, 0, 0, 1, 0, 0, 0|];

distances = [| 0, 2, 30, 80, 50, 36, 19, 100, 98, 31, 53, 57,
| 2, 0, 28, 8, 82, 32, 79, 62, 20, 19, 4, 72,
| 30, 28, 0, 0, 98, 48, 98, 85, 67, 0, 78, 35,
| 80, 8, 0, 0, 59, 71, 51, 0, 9, 39, 30, 7,
| 50, 82, 98, 59, 0, 60, 46, 72, 82, 86, 14, 35,
| 36, 32, 48, 71, 60, 0, 31, 74, 2, 22, 98, 80,
| 19, 79, 98, 51, 46, 31, 0, 61, 53, 0, 53, 90,
| 100, 62, 85, 0, 72, 74, 61, 0, 60, 1, 0, 89,
| 98, 20, 67, 9, 82, 2, 53, 60, 0, 2, 84, 0,
| 31, 19, 0, 39, 86, 22, 0, 1, 2, 0, 4, 2,
| 53, 4, 78, 30, 14, 98, 53, 0, 84, 4, 0, 5,
| 57, 72, 35, 7, 35, 80, 90, 89, 0, 2, 5, 0|];

----------

fixed_costs = [499, 415, 487, 409, 378, 460, 301, 440, 412, 423, 341];

n = 11 ;

existing_bridges = [| 0, 0, 0, 0, 0, 0, 0, 0, 0, 0, 0,
| 0, 0, 0, 0, 0, 0, 0, 0, 1, 0, 0,
| 0, 0, 0, 0, 0, 0, 0, 1, 0, 0, 0,
| 0, 0, 0, 0, 0, 0, 0, 0, 0, 1, 0,
| 0, 0, 0, 0, 0, 0, 0, 1, 0, 1, 0,
| 0, 0, 0, 0, 0, 0, 0, 0, 0, 0, 0,
| 0, 0, 0, 0, 0, 0, 0, 0, 0, 0, 0,
| 0, 0, 1, 0, 1, 0, 0, 0, 0, 0, 0,
| 0, 1, 0, 0, 0, 0, 0, 0, 0, 0, 0,
| 0, 0, 0, 1, 1, 0, 0, 0, 0, 0, 0,
| 0, 0, 0, 0, 0, 0, 0, 0, 0, 0, 0|];

distances = [| 0, 46, 85, 58, 12, 36, 97, 60, 63, 50, 43,
| 46, 0, 62, 32, 80, 98, 11, 11, 0, 1, 39,
| 85, 62, 0, 64, 35, 26, 1, 0, 99, 1, 4,
| 58, 32, 64, 0, 87, 70, 39, 81, 62, 0, 3,
| 12, 80, 35, 87, 0, 90, 95, 0, 31, 0, 53,
| 36, 98, 26, 70, 90, 0, 81, 67, 67, 25, 26,
| 97, 11, 1, 39, 95, 81, 0, 84, 87, 39, 98,
| 60, 11, 0, 81, 0, 67, 84, 0, 91, 2, 42,
| 63, 0, 99, 62, 31, 67, 87, 91, 0, 72, 74,
| 50, 1, 1, 0, 0, 25, 39, 2, 72, 0, 11,
| 43, 39, 4, 3, 53, 26, 98, 42, 74, 11, 0|];

----------

fixed_costs = [391, 495, 317, 413, 468, 337, 429, 433, 492, 396];

n = 10 ;

existing_bridges = [| 0, 0, 0, 0, 0, 0, 1, 0, 0, 1,
| 0, 0, 0, 0, 0, 0, 0, 0, 0, 0,
| 0, 0, 0, 1, 0, 0, 0, 0, 0, 0,
| 0, 0, 1, 0, 0, 0, 0, 0, 0, 0,
| 0, 0, 0, 0, 0, 1, 0, 0, 0, 0,
| 0, 0, 0, 0, 1, 0, 0, 0, 0, 0,
| 1, 0, 0, 0, 0, 0, 0, 0, 0, 0,
| 0, 0, 0, 0, 0, 0, 0, 0, 0, 0,
| 0, 0, 0, 0, 0, 0, 0, 0, 0, 0,
| 1, 0, 0, 0, 0, 0, 0, 0, 0, 0|];

distances = [| 0, 22, 35, 40, 98, 2, 0, 76, 85, 0,
| 22, 0, 26, 72, 68, 40, 54, 1, 35, 10,
| 35, 26, 0, 0, 92, 55, 56, 17, 60, 58,
| 40, 72, 0, 0, 69, 40, 33, 29, 76, 39,
| 98, 68, 92, 69, 0, 0, 84, 35, 25, 2,
| 2, 40, 55, 40, 0, 0, 48, 37, 13, 52,
| 0, 54, 56, 33, 84, 48, 0, 76, 21, 81,
| 76, 1, 17, 29, 35, 37, 76, 0, 66, 28,
| 85, 35, 60, 76, 25, 13, 21, 66, 0, 54,
| 0, 10, 58, 39, 2, 52, 81, 28, 54, 0|];

----------

fixed_costs = [474, 368, 327, 485, 374, 391, 419, 408, 356];

n = 9 ;

existing_bridges = [| 0, 0, 1, 0, 0, 0, 0, 0, 0,
| 0, 0, 0, 0, 0, 0, 0, 1, 0,
| 1, 0, 0, 0, 1, 0, 0, 0, 0,
| 0, 0, 0, 0, 0, 0, 0, 0, 0,
| 0, 0, 1, 0, 0, 0, 0, 0, 0,
| 0, 0, 0, 0, 0, 0, 0, 0, 0,
| 0, 0, 0, 0, 0, 0, 0, 0, 0,
| 0, 1, 0, 0, 0, 0, 0, 0, 0,
| 0, 0, 0, 0, 0, 0, 0, 0, 0|];

distances = [| 0, 76, 0, 54, 53, 96, 99, 31, 49,
| 76, 0, 61, 71, 20, 31, 19, 0, 58,
| 0, 61, 0, 16, 0, 91, 89, 18, 34,
| 54, 71, 16, 0, 31, 8, 98, 96, 38,
| 53, 20, 0, 31, 0, 6, 41, 29, 53,
| 96, 31, 91, 8, 6, 0, 31, 14, 60,
| 99, 19, 89, 98, 41, 31, 0, 37, 37,
| 31, 0, 18, 96, 29, 14, 37, 0, 78,
| 49, 58, 34, 38, 53, 60, 37, 78, 0|];

----------
fixed_costs = [397, 456, 355, 454, 498, 329, 472, 382];

n = 8 ;

existing_bridges = [| 0, 0, 0, 0, 0, 0, 1, 0,
| 0, 0, 0, 1, 0, 0, 0, 0,
| 0, 0, 0, 0, 0, 0, 0, 0,
| 0, 1, 0, 0, 0, 0, 0, 0,
| 0, 0, 0, 0, 0, 0, 0, 0,
| 0, 0, 0, 0, 0, 0, 0, 0,
| 1, 0, 0, 0, 0, 0, 0, 0,
| 0, 0, 0, 0, 0, 0, 0, 0|];

distances = [| 0, 87, 78, 5, 8, 89, 0, 75,
| 87, 0, 79, 0, 10, 77, 2, 83,
| 78, 79, 0, 45, 2, 94, 22, 61,
| 5, 0, 45, 0, 41, 40, 89, 54,
| 8, 10, 2, 41, 0, 88, 93, 3,
| 89, 77, 94, 40, 88, 0, 19, 47,
| 0, 2, 22, 89, 93, 19, 0, 46,
| 75, 83, 61, 54, 3, 47, 46, 0|];


----------